24151775 odo 386 1 1788519180
24151774 skein 279 1 1788519236
24151773 sha256d 252 1 1788519162
24151772 skein 279 1 1788519601
24151771 sha256d 252 1 1788519154
24151770 odo 281 1 1788519142
24151769 skein 281 1 1788519135
24151768 scrypt 252 1 1788519125
24151767 skein 279 1 1788519362
24151766 qubit 281 1 1788519110
24151765 scrypt 252 1 1788519073
24151764 scrypt 252 1 1788519062
24151763 qubit 281 1 1788519059
24151762 sha256d 340 1 1788519057
24151761 skein 507 2 1788519226
24151760 scrypt 252 1 1788519023
24151759 scrypt 357 1 1788519009
24151758 skein 505 2 1788519236
24151757 odo 386 1 1788518981
24151756 qubit 386 1 1788518973
24151755 qubit 577 2 1788518965
24151754 skein 279 1 1788519033
24151753 odo 386 1 1788518944
24151752 skein 279 1 1788518997
24151751 sha256d 293 1 1788518927
24151750 sha256d 445 1 1788518926
24151749 skein 279 1 1788519202
24151748 qubit 386 1 1788518917
24151747 skein 279 1 1788518926
24151746 scrypt 357 1 1788518901
24151745 skein 584 2 1788519156
24151744 odo 386 1 1788518832
24151743 scrypt 357 1 1788518822
24151742 qubit 386 1 1788518810
24151741 sha256d 357 1 1788518792
24151740 skein 279 1 1788518860
24151739 sha256d 293 1 1788518780
24151738 qubit 386 1 1788518778
24151737 odo 386 1 1788518774
24151736 skein 655 2 1788519092
24151735 scrypt 357 1 1788518749
24151734 skein 550 2 1788518886
24151733 odo 809 3 1788518736
24151732 odo 281 1 1788518646
24151731 sha256d 290 1 1788518640
24151730 scrypt 252 1 1788518629
24151729 odo 281 1 1788518623
24151728 scrypt 252 1 1788518621
24151727 odo 281 1 1788518620
24151726 sha256d 252 1 1788518616
24151725 qubit 281 1 1788518604
24151724 skein 279 1 1788518841
24151723 qubit 281 1 1788518584
24151722 scrypt 252 1 1788518580
24151721 odo 281 1 1788518567
24151720 skein 279 1 1788518884
24151719 odo 657 2 1788518554
24151718 skein 279 1 1788518681
24151717 sha256d 357 1 1788518535
24151716 sha256d 357 1 1788518499
24151715 qubit 691 2 1788518488
24151714 skein 279 1 1788518537
24151713 qubit 386 1 1788518472
24151712 qubit 386 1 1788518462
24151711 scrypt 357 1 1788518441
24151710 qubit 7579 4 1788518429
24151709 scrypt 357 1 1788518404
24151708 sha256d 420 1 1788518372
24151707 sha256d 357 1 1788518353
24151706 scrypt 357 1 1788518342
24151705 skein 386 1 1788518339
24151704 scrypt 826 2 1788518319
24151703 qubit 386 1 1788518317
24151702 odo 386 1 1788518314
24151701 qubit 386 1 1788518305
24151700 sha256d 357 1 1788518304
24151699 sha256d 357 1 1788518302
24151698 skein 386 1 1788518298
24151697 odo 386 1 1788518284
24151696 skein 279 1 1788518413
24151695 qubit 386 1 1788518272
24151694 skein 386 1 1788518255
24151693 scrypt 357 1 1788518247
24151692 sha256d 317 1 1788518229
24151691 qubit 386 1 1788518227
24151690 scrypt 357 1 1788518215
24151689 skein 279 1 1788518432
24151688 sha256d 393 1 1788518162
24151687 scrypt 357 1 1788518136
24151686 odo 386 1 1788518133
24151685 skein 386 1 1788518130
24151684 scrypt 357 1 1788518119
24151683 odo 281 1 1788518118
24151682 sha256d 317 1 1788518092
24151681 odo 281 1 1788518079
24151680 skein 279 1 1788518245
24151679 sha256d 279 1 1788518065
24151678 skein 386 1 1788518017
24151677 skein 386 1 1788517986
24151676 sha256d 410 1 1788517967
24151675 skein 279 1 1788518025
24151674 odo 609 2 1788517948
24151673 skein 279 1 1788518032
24151672 qubit 386 1 1788517879
24151671 qubit 617 2 1788517861
24151670 odo 612 2 1788517807
24151669 odo 1496 2 1788517748
24151668 skein 279 1 1788517960
24151667 qubit 386 1 1788517728
24151666 qubit 386 1 1788517716
24151665 scrypt 654 2 1788517613
24151664 scrypt 357 1 1788517600
24151663 qubit 386 1 1788517599
24151662 scrypt 357 1 1788517598
24151661 sha256d 279 1 1788517596
24151660 scrypt 357 1 1788517594
24151659 skein 279 1 1788517879
24151658 scrypt 357 1 1788517574
24151657 sha256d 338 1 1788517573
24151656 qubit 386 1 1788517530
24151655 odo 386 1 1788517511
24151654 odo 386 1 1788517489
24151653 sha256d 2979 3 1788517480
24151652 odo 386 1 1788517445
24151651 skein 386 1 1788517427
24151650 skein 651 2 1788517541
24151649 sha256d 410 1 1788517379
24151648 odo 386 1 1788517375
24151647 sha256d 410 1 1788517337
24151646 odo 386 1 1788517327
24151645 sha256d 1368 2 1788517323
24151644 scrypt 252 1 1788517288
24151643 scrypt 252 1 1788517272
24151642 skein 279 1 1788517604
24151641 skein 279 1 1788517347
24151640 qubit 281 1 1788517243
24151639 qubit 386 1 1788517240
24151638 scrypt 1603 2 1788517224
24151637 qubit 612 2 1788517208
24151636 skein 279 1 1788517322
24151635 qubit 386 1 1788517166
24151634 sha256d 392 1 1788517165
24151633 odo 386 1 1788517157
24151632 scrypt 357 1 1788517138
24151631 sha256d 279 1 1788517122
24151630 qubit 386 1 1788517120
24151629 skein 386 1 1788517118
24151628 odo 683 2 1788517110
24151627 scrypt 357 1 1788517089
24151626 odo 386 1 1788517033
24151625 scrypt 357 1 1788517027
24151624 skein 279 1 1788517208
24151623 sha256d 290 1 1788516981
24151622 odo 386 1 1788516967
24151621 odo 386 1 1788516965
24151620 qubit 386 1 1788516955
24151619 sha256d 445 1 1788516948
24151618 qubit 386 1 1788516929
24151617 sha256d 357 1 1788516926
24151616 skein 279 1 1788517086
24151615 skein 648 2 1788517033
24151614 skein 279 1 1788517089
24151613 scrypt 252 1 1788516882
24151612 skein 279 1 1788517024
24151611 skein 279 1 1788517030
24151610 sha256d 279 1 1788516864
24151609 skein 279 1 1788516895
24151608 qubit 281 1 1788516851
24151607 scrypt 252 1 1788516846
24151606 sha256d 279 1 1788516844
24151605 scrypt 252 1 1788516840
24151604 skein 281 1 1788516836
24151603 skein 279 1 1788516893
24151602 odo 281 1 1788516817
24151601 sha256d 314 1 1788516791
24151600 scrypt 252 1 1788516787
24151599 sha256d 269 1 1788516757
24151598 qubit 386 1 1788516746
24151597 scrypt 357 1 1788516743
24151596 odo 683 2 1788516739
24151595 odo 386 1 1788516726
24151594 sha256d 318 1 1788516703
24151593 qubit 386 1 1788516701
24151592 qubit 386 1 1788516692
24151591 scrypt 357 1 1788516662
24151590 sha256d 358 1 1788516658
24151589 odo 386 1 1788516655
24151588 odo 386 1 1788516646
24151587 scrypt 357 1 1788516640
24151586 sha256d 292 1 1788516631
24151585 odo 386 1 1788516622
24151584 scrypt 357 1 1788516615
24151583 scrypt 357 1 1788516601
24151582 qubit 386 1 1788516592
24151581 scrypt 357 1 1788516574
24151580 odo 386 1 1788516568
24151579 skein 279 1 1788516680
24151578 odo 386 1 1788516557
24151577 odo 386 1 1788516550
24151576 sha256d 515 2 1788516523
24151575 sha256d 451 1 1788516502
24151574 skein 279 1 1788516505
24151573 odo 386 1 1788516473
24151572 qubit 386 1 1788516470
24151571 odo 386 1 1788516468
24151570 skein 386 1 1788516464
24151569 scrypt 357 1 1788516462
24151568 scrypt 695 2 1788516438
24151567 qubit 7486 2 1788516431
24151566 odo 386 1 1788516353
24151565 qubit 1165 2 1788516345
24151564 sha256d 810 2 1788516272
24151563 sha256d 245 1 1788516230
24151562 sha256d 1313 4 1788516230
24151561 odo 281 1 1788516117
24151560 skein 281 1 1788516102
24151559 qubit 386 1 1788516091
24151558 odo 574 2 1788516061
24151557 skein 680 2 1788516035
24151556 odo 386 1 1788516006
24151555 odo 611 2 1788515991
24151554 qubit 386 1 1788515958
24151553 qubit 726 2 1788515949
24151552 qubit 1476 2 1788515934
24151551 scrypt 357 1 1788515909
24151550 scrypt 357 1 1788515904
24151549 scrypt 357 1 1788515902
24151548 scrypt 357 1 1788515871
24151547 sha256d 660 2 1788515869
24151546 scrypt 727 2 1788515844
24151545 odo 386 1 1788515821
24151544 sha256d 410 1 1788515795
24151543 odo 386 1 1788515790
24151542 sha256d 417 1 1788515772
24151541 odo 386 1 1788515761
24151540 scrypt 357 1 1788515745
24151539 qubit 386 1 1788515740
24151538 sha256d 392 1 1788515740
24151537 qubit 386 1 1788515723
24151536 sha256d 392 1 1788515720
